-0.00100787
-0.489519
0.000852074
-1.01705
0.00079588
-0.52753
-0.000431821
-0.0010067
-0.489007
0.000850864
-1.01704
0.000793415
-0.528033
-0.000430173
-0.00100816
-0.487817
0.000854056
-1.01701
0.000792923
-0.529195
-0.000430736
-0.00101929
-0.485509
0.000869578
-1.01696
0.000800944
-0.531448
-0.000440647
-0.00106049
-0.481719
0.000924653
-1.01687
0.00084065
-0.535147
-0.000482044
-0.00117928
-0.476078
0.00108263
-1.01672
0.000964013
-0.540642
-0.00060948
-0.00145527
-0.467991
0.00145872
-1.01649
0.00126202
-0.548495
-0.000923493
-0.00199397
-0.457465
0.00222963
-1.01615
0.00185781
-0.558685
-0.00158173
-0.00294942
-0.443688
0.00369769
-1.01565
0.00293253
-0.571963
-0.00285604
-0.00449829
-0.426817
0.00631757
-1.01497
0.00471373
-0.588163
-0.00517419
-0.00681363
-0.405945
0.0107601
-1.01399
0.00743761
-0.608082
-0.00917649
-0.00990974
-0.381739
0.0177766
-1.01274
0.011224
-0.631081
-0.0156499
-0.0136251
-0.353876
0.0282598
-1.0111
0.0160253
-0.657411
-0.0255703
-0.0174669
-0.322764
0.0429831
-1.00907
0.0214999
-0.686697
-0.039927
-0.0206485
-0.288215
0.0626185
-1.00655
0.027008
-0.719048
-0.0597173
-0.0220429
-0.25041
0.0872614
-1.00339
0.0315479
-0.754141
-0.0855077
-0.0203937
-0.210274
0.116352
-0.999702
0.034081
-0.791099
-0.117384
-0.0145684
-0.16742
0.14911
-0.99534
0.0335527
-0.830025
-0.155135
-0.00365145
-0.122858
0.184004
-0.990508
0.0293426
-0.869916
-0.197923
0.0129193
-0.0764354
0.219696
-0.985153
0.0210694
-0.910656
-0.244916
0.0353593
-0.0283839
0.254703
-0.979342
0.00877909
-0.951891
-0.295057
0.0632827
0.0197925
0.287392
-0.973398
-0.00669973
-0.992389
-0.346959
0.0961093
0.0682493
0.316956
-0.967253
-0.0247623
-1.03225
-0.399674
0.133066
0.116482
0.342839
-0.961016
-0.0445235
-1.07119
-0.452417
0.173311
0.163691
0.364895
-0.954981
-0.0650054
-1.10891
-0.504741
0.216181
0.209927
0.383352
-0.949151
-0.0856663
-1.14562
-0.556486
0.261039
0.254878
0.398533
-0.94367
-0.105961
-1.18131
-0.607598
0.307066
0.296482
0.410937
-0.939584
-0.12482
-1.2152
-0.658259
0.354581
0.33933
0.420859
-0.934707
-0.143815
-1.24951
-0.708277
0.402139
0.376667
0.428972
-0.932759
-0.160305
-1.28161
-0.758197
0.45114
0.414444
0.435521
-0.93246
-0.176474
-1.31583
-0.808848
0.49882
0.448236
0.440666
-0.92962
-0.190871
-1.34393
-0.857263
0.548815
0.481056
0.445142
-0.932737
-0.204461
-1.37701
-0.909022
0.595871
0.508761
0.448747
-0.932737
-0.216031
-1.40232
-0.957166
0.645351
0.536578
0.451909
-0.937527
-0.227338
-1.43245
-1.0087
0.692265
0.558263
0.454914
-0.94248
-0.236462
-1.45697
-1.05816
0.740293
0.578142
0.457828
-0.950316
-0.244924
-1.48257
-1.10965
0.787027
0.593498
0.460874
-0.960787
-0.251894
-1.50641
-1.16096
0.833133
0.605153
0.464137
-0.973551
-0.25773
-1.52893
-1.21266
0.878411
0.612289
0.467845
-0.989374
-0.262239
-1.55004
-1.26491
0.922556
0.616049
0.47188
-1.00723
-0.26577
-1.56987
-1.31697
0.965102
0.615829
0.476388
-1.0276
-0.268129
-1.58831
-1.36859
1.00547
0.611315
0.48147
-1.05018
-0.269176
-1.60478
-1.41912
1.04352
0.603124
0.487099
-1.07464
-0.269044
-1.61957
-1.4683
1.07894
0.591162
0.493343
-1.10095
-0.267623
-1.6326
-1.51576
1.11161
0.575551
0.50025
-1.1289
-0.264853
-1.64383
-1.56134
1.1413
0.556478
0.507825
-1.15839
-0.260672
-1.65339
-1.60475
1.16764
0.534334
0.515988
-1.18902
-0.25506
-1.66136
-1.64536
1.19033
0.508951
0.524757
-1.22079
-0.247797
-1.66764
-1.68284
1.2091
0.481044
0.533924
-1.25319
-0.238968
-1.67251
-1.71658
1.22373
0.450771
0.543347
-1.28605
-0.228473
-1.67604
-1.74611
1.23406
0.418451
0.552797
-1.31906
-0.216281
-1.67833
-1.77096
1.24028
0.38444
0.562046
-1.35212
-0.202437
-1.6797
-1.79103
1.24234
0.349118
0.570735
-1.38495
-0.187004
-1.68028
-1.80584
1.24039
0.313071
0.578427
-1.41728
-0.170213
-1.68038
-1.81503
1.23482
0.276308
0.584839
-1.44912
-0.152095
-1.68003
-1.81871
1.22616
0.239572
0.589521
-1.4802
-0.133099
-1.67955
-1.8169
1.21497
0.203358
0.592116
-1.5104
-0.113627
-1.67917
-1.80982
1.20185
0.16836
0.592306
-1.53955
-0.0942394
-1.67917
-1.7978
1.18744
0.134488
0.590056
-1.56782
-0.0751183
-1.67948
-1.78147
1.17247
0.102618
0.585342
-1.59505
-0.0569683
-1.68049
-1.76163
1.15745
0.0732582
0.578337
-1.62118
-0.0402711
-1.68246
-1.73905
1.14285
0.047122
0.569372
-1.64611
-0.0255658
-1.68577
-1.71465
1.12896
0.0240994
0.558977
-1.67002
-0.0128715
-1.69044
-1.68934
1.11597
0.00467724
0.547668
-1.69281
-0.00245489
-1.69681
-1.66395
1.104
-0.0109692
0.53599
-1.71451
0.00565267
-1.70508
-1.6392
1.09306
-0.0227959
0.524455
-1.73513
0.0115345
-1.71539
-1.61574
1.08318
-0.0308579
0.513505
-1.7547
0.0153454
-1.7278
-1.59408
1.07435
-0.0352887
0.503501
-1.77325
0.0172775
-1.74232
-1.57464
1.06661
-0.0362344
0.4947
-1.79079
0.0175088
-1.75887
-1.55776
1.05998
-0.0340065
0.487293
-1.80743
0.0162665
-1.77736
-1.54369
1.05447
-0.0289266
0.48133
-1.82314
0.0137419
-1.79748
-1.53254
1.05007
-0.0213888
0.476752
-1.83788
0.0101246
-1.81886
-1.52424
1.04675
-0.0118118
0.473441
-1.8516
0.0055884
-1.84109
-1.51867
1.04447
-0.000631124
0.471231
-1.8643
0.000299272
-1.86374
-1.51562
1.04318
0.0117115
0.469935
-1.87596
-0.00557873
-1.88639
-1.51482
1.04278
0.0247761
0.469353
-1.88656
-0.011877
-1.90864
-1.51594
1.04315
0.0381384
0.469287
-1.89611
-0.0184211
-1.93007
-1.51862
1.04417
0.0513694
0.469559
-1.9046
-0.0250165
-1.95031
-1.52247
1.04566
0.0640333
0.470011
-1.91208
-0.0314458
-1.969
-1.52704
1.04743
0.0758535
0.470515
-1.91846
-0.0375511
-1.98584
-1.53193
1.04947
0.0864896
0.471109
-1.92387
-0.0431431
-2.00062
-1.53705
1.05136
0.0957155
0.471547
-1.92835
-0.0480579
-2.01323
-1.54164
1.05317
0.10363
0.471937
-1.93192
-0.0523254
-2.02375
-1.54584
1.0548
0.110144
0.472273
-1.93472
-0.0558748
-2.03226
-1.54952
1.05623
0.115333
0.47256
-1.93686
-0.0587286
-2.03895
-1.55261
1.05741
0.119318
0.472805
-1.93844
-0.0609374
-2.04402
-1.55513
1.05836
0.122241
0.473017
-1.93957
-0.0625687
-2.0477
-1.5571
1.05909
0.124256
0.473198
-1.94031
-0.0637017
-2.0502
-1.55857
1.05961
0.125531
0.473352
-1.94076
-0.064424
-2.05176
-1.5596
1.05997
0.126234
0.473476
-1.94098
-0.0648275
-2.05259
-1.56028
1.06019
0.126542
0.47357
-1.94105
-0.0650088
-2.05293
-1.56068
1.0603
0.126631
0.473628
-1.94106
-0.0650641
-2.053
-1.56087
1.06025
0.126917
0.473559
-1.94091
-0.0652055
-2.05311
-1.56082
1.06012
0.126911
0.473476
-1.94091
-0.0651915
-2.05311
-1.5606
1.05985
0.126903
0.473302
-1.94091
-0.0651656
-2.05311
-1.56014
1.05931
0.126891
0.472956
-1.9409
-0.0651152
-2.05311
-1.55923
1.05841
0.126868
0.472381
-1.94088
-0.0650305
-2.05311
-1.55772
1.05696
0.126843
0.471457
-1.94086
-0.0648998
-2.05312
-1.5553
1.05494
0.126803
0.470163
-1.94082
-0.0647147
-2.05313
-1.5519
1.0522
0.126749
0.468412
-1.94077
-0.0644646
-2.05314
-1.54731
1.04864
0.126681
0.466134
-1.94071
-0.0641397
-2.05315
-1.54133
1.04421
0.126589
0.463296
-1.94063
-0.0637311
-2.05316
-1.53389
1.03863
0.126493
0.459719
-1.94052
-0.0632269
-2.05318
-1.52453
1.03204
0.126372
0.455488
-1.94041
-0.0626264
-2.0532
-1.51345
1.02436
0.126234
0.450556
-1.94027
-0.0619274
-2.05323
-1.50055
1.0156
0.126079
0.444917
-1.94011
-0.0611297
-2.05325
-1.48582
1.00586
0.125895
0.438638
-1.93993
-0.0602357
-2.05327
-1.46943
0.994834
0.125725
0.43151
-1.93973
-0.059239
-2.05331
-1.45085
0.982827
0.125529
0.423735
-1.93951
-0.0581467
-2.05335
-1.43062
0.969746
0.125323
0.415247
-1.93928
-0.0569569
-2.05338
-1.40855
0.955677
0.125098
0.406098
-1.93903
-0.0556724
-2.05341
-1.38479
0.940372
0.124887
0.396117
-1.93875
-0.0542862
-2.05345
-1.35893
0.924082
0.124662
0.385468
-1.93847
-0.0528058
-2.05349
-1.33137
0.906732
0.124435
0.374097
-1.93816
-0.0512289
-2.05353
-1.30199
0.888501
0.124184
0.362118
-1.93785
-0.049562
-2.05355
-1.27109
0.868865
0.123982
0.349175
-1.9375
-0.0477867
-2.0536
-1.23777
0.848348
0.123761
0.335618
-1.93715
-0.0459211
-2.05364
-1.20292
0.826787
0.123547
0.321332
-1.93679
-0.0439594
-2.05368
-1.16626
0.8043
0.123326
0.306394
-1.93643
-0.0419066
-2.0537
-1.12798
0.780534
0.123147
0.290562
-1.93603
-0.0397465
-2.05374
-1.08748
0.755841
0.122967
0.274071
-1.93564
-0.0374943
-2.05378
-1.04536
0.730114
0.122803
0.256848
-1.93524
-0.0351446
-2.0538
-1.00144
0.703599
0.122624
0.239057
-1.93486
-0.0327103
-2.05381
-0.956124
0.675555
0.122531
0.220192
-1.93444
-0.0301498
-2.05385
-0.908157
0.646717
0.122429
0.200756
-1.93403
-0.0275028
-2.05387
-0.858788
0.61685
0.12235
0.180589
-1.93363
-0.0247557
-2.05389
-0.80762
0.586232
0.122262
0.159881
-1.93326
-0.0219264
-2.05387
-0.755126
0.554013
0.122278
0.138052
-1.93286
-0.0189557
-2.05391
-0.699854
0.521043
0.122287
0.11569
-1.93249
-0.0159012
-2.05391
-0.643264
0.48713
0.122321
0.0926662
-1.93214
-0.0127502
-2.05391
-0.585031
0.452479
0.122357
0.0691239
-1.93183
-0.00951948
-2.05388
-0.525509
0.41625
0.122513
0.0444954
-1.93151
-0.00613838
-2.0539
-0.463264
0.379454
0.122669
0.0194822
-1.93124
-0.00269178
-2.05388
-0.40004
0.341892
0.122865
-0.00604446
-1.93099
0.000836483
-2.05386
-0.335505
0.303967
0.123062
-0.0318025
-1.9308
0.00440733
-2.0538
-0.270357
0.264846
0.123379
-0.0583481
-1.93063
0.00810367
-2.05379
-0.203176
0.225561
0.123698
-0.0849641
-1.93052
0.0118229
-2.05374
-0.135753
0.185904
0.124059
-0.111784
-1.93045
0.0155862
-2.05369
-0.0677343
0.146294
0.12442
-0.138513
-1.93044
0.0193469
-2.0536
0.000145143
0.105837
0.124912
-0.165742
-1.93046
0.0232093
-2.05356
0.0694139
0.0656263
0.125401
-0.192718
-1.93054
0.0270479
-2.05349
0.138172
0.0254334
0.125932
-0.219585
-1.93067
0.0308912
-2.05341
0.206808
-0.0143204
0.126458
-0.246055
-1.93085
0.0346866
-2.05329
0.274587
-0.0545331
0.127117
-0.272709
-1.93107
0.0385544
-2.05323
0.343042
-0.0941021
0.127767
-0.298805
-1.93133
0.0423526
-2.05313
0.410267
-0.133256
0.128454
-0.324489
-1.93164
0.0461147
-2.05302
0.47665
-0.171583
0.129128
-0.349488
-1.93199
0.0497849
-2.05288
0.541486
-0.209927
0.129925
-0.374339
-1.93235
0.0534909
-2.05278
0.606208
-0.247232
0.130703
-0.398355
-1.93276
0.057083
-2.05266
0.66901
-0.283703
0.131506
-0.421669
-1.93318
0.0605977
-2.05253
0.730246
-0.318991
0.132291
-0.444066
-1.93361
0.0639842
-2.05236
0.78933
-0.353913
0.13319
-0.466053
-1.93405
0.0673783
-2.05225
0.847642
-0.387512
0.134049
-0.487038
-1.93451
0.0706241
-2.0521
0.90357
-0.420108
0.134919
-0.50723
-1.93498
0.073775
-2.05196
0.957663
-0.451425
0.135751
-0.526471
-1.93545
0.0767827
-2.05179
1.00947
-0.482323
0.136687
-0.545281
-1.93591
0.0797979
-2.05166
1.06043
-0.511942
0.13758
-0.563155
-1.93637
0.0826693
-2.05151
1.10912
-0.540549
0.138474
-0.580261
-1.93682
0.085445
-2.05135
1.15598
-0.568004
0.139343
-0.596533
-1.93727
0.0880996
-2.05119
1.20082
-0.594711
0.140255
-0.612208
-1.93771
0.0907083
-2.05105
1.24428
-0.620256
0.141136
-0.627064
-1.93813
0.0931947
-2.05089
1.28572
-0.644756
0.142005
-0.641179
-1.93854
0.0955814
-2.05074
1.32533
-0.667985
0.142821
-0.654444
-1.93894
0.0978255
-2.05057
1.36276
-0.690591
0.143696
-0.667223
-1.93932
0.100053
-2.05044
1.39908
-0.711914
0.144513
-0.67917
-1.93968
0.102135
-2.0503
1.43322
-0.73215
0.145304
-0.690407
-1.94003
0.104113
-2.05015
1.46552
-0.751295
0.146069
-0.700944
-1.94036
0.105985
-2.05001
1.49598
-0.769166
0.146771
-0.710701
-1.94067
0.107716
-2.04987
1.52433
-0.786267
0.147503
-0.71995
-1.94096
0.109408
-2.04975
1.55139
-0.802079
0.148167
-0.728437
-1.94123
0.110956
-2.04963
1.57633
-0.816754
0.148793
-0.736254
-1.94149
0.112393
-2.04951
1.59943
-0.830287
0.149376
-0.74341
-1.94172
0.113718
-2.04941
1.62067
-0.842547
0.149893
-0.749855
-1.94193
0.114905
-2.0493
1.63987
-0.853891
0.150409
-0.75577
-1.94212
0.116028
-2.04921
1.6576
-0.863948
0.150856
-0.760989
-1.9423
0.117011
-2.04912
1.67329
-0.872827
0.151251
-0.765571
-1.94245
0.117878
-2.04905
1.68711
-0.880525
0.151595
-0.769526
-1.94258
0.118629
-2.04898
1.69908
-0.88699
0.151878
-0.772836
-1.94269
0.119253
-2.04892
1.70912
-0.892403
0.152126
-0.775594
-1.94279
0.119783
-2.04887
1.71751
-0.896715
0.152318
-0.777787
-1.94286
0.120201
-2.04883
1.72419
-0.90008
0.152467
-0.779494
-1.94292
0.120525
-2.0488
1.72939
-0.902613
0.152578
-0.780777
-1.94296
0.120768
-2.04878
1.73331
-0.904434
0.152656
-0.781698
-1.943
0.120941
-2.04876
1.73613
-0.905635
0.152702
-0.782307
-1.94302
0.121051
-2.04874
1.73798
-0.906416
0.152735
-0.782701
-1.94303
0.121126
-2.04873
1.73919
-0.906819
0.152749
-0.782905
-1.94304
0.121161
-2.04873
1.73981
-0.906988
0.152752
-0.78299
-1.94305
0.121174
-2.04873
1.74007
-0.907204
0.153067
-0.783007
-1.94289
0.121429
-2.04878
1.7404
-0.906895
0.152833
-0.78292
-1.94279
0.121217
-2.04854
1.7399
-0.90594
0.152188
-0.782627
-1.94253
0.12063
-2.04788
1.73836
-0.904028
0.150916
-0.78203
-1.94203
0.119472
-2.04659
1.73527
-0.900835
0.148802
-0.781014
-1.9412
0.117553
-2.04445
1.73011
-0.896045
0.145638
-0.779447
-1.93997
0.11469
-2.04126
1.72234
-0.889356
0.141229
-0.777173
-1.93824
0.110717
-2.03678
1.71143
-0.880492
0.135393
-0.774001
-1.93592
0.105493
-2.03081
1.69687
-0.869214
0.127978
-0.769699
-1.93292
0.0989123
-2.02314
1.67816
-0.855234
0.118689
-0.763968
-1.92918
0.0907784
-2.01348
1.65465
-0.838634
0.107811
-0.756488
-1.92451
0.0813787
-2.0018
1.62628
-0.819256
0.0953077
-0.746822
-1.91887
0.0707691
-1.98798
1.59253
-0.797749
0.0814512
-0.734932
-1.91226
0.0592991
-1.97211
1.55422
-0.774292
0.0666085
-0.720484
-1.90455
0.0473688
-1.95424
1.51141
-0.749304
0.0513245
-0.703352
-1.89574
0.0355135
-1.93469
1.46465
-0.723067
0.0359179
-0.683468
-1.88593
0.0240809
-1.9137
1.41432
-0.696069
0.0213065
-0.661005
-1.87503
0.0137839
-1.89182
1.36131
-0.668503
0.00787777
-0.636161
-1.86307
0.00489695
-1.8694
1.30609
-0.640343
-0.00385106
-0.609044
-1.85006
-0.00228985
-1.8469
1.24876
-0.612117
-0.0135109
-0.580418
-1.83601
-0.00765427
-1.8247
1.19057
-0.583763
-0.0207095
-0.550554
-1.82094
-0.0111333
-1.80327
1.13166
-0.555369
-0.0251549
-0.519909
-1.80487
-0.0127828
-1.78302
1.07245
-0.526982
-0.0266504
-0.488898
-1.7879
-0.0127535
-1.76435
1.01328
-0.498694
-0.0250033
-0.457964
-1.76996
-0.0112285
-1.74752
0.95456
-0.470607
-0.0203054
-0.427524
-1.75107
-0.00852994
-1.73259
0.896679
-0.442494
-0.0123397
-0.397584
-1.73114
-0.00483122
-1.71976
0.839334
-0.414522
-0.00126074
-0.368544
-1.71015
-0.000458564
-1.70898
0.783003
-0.386823
0.012982
-0.340712
-1.68806
0.00437457
-1.7003
0.728073
-0.359386
0.0300542
-0.314211
-1.66489
0.00935777
-1.69347
0.674609
-0.3323
0.0498825
-0.289207
-1.64064
0.0143197
-1.68844
0.622848
-0.305712
0.0723215
-0.265883
-1.61532
0.0191126
-1.68509
0.573112
-0.279776
0.0971833
-0.244372
-1.58892
0.0236275
-1.68321
0.52569
-0.254654
0.124246
-0.224769
-1.56148
0.0277979
-1.68258
0.480849
-0.230537
0.153247
-0.207132
-1.53301
0.0315964
-1.68298
0.438847
-0.207617
0.183827
-0.191477
-1.50361
0.0350186
-1.68409
0.399905
-0.186111
0.215888
-0.177771
-1.47321
0.0381414
-1.68572
0.364214
-0.166093
0.248963
-0.165886
-1.44206
0.0409774
-1.68764
0.331733
-0.147828
0.282671
-0.155763
-1.41021
0.0435906
-1.68952
0.302669
-0.131487
0.316525
-0.147277
-1.37784
0.0460251
-1.69103
0.27707
-0.117189
0.350042
-0.140268
-1.34513
0.0483179
-1.69187
0.254893
-0.104929
0.382683
-0.134546
-1.31234
0.0504795
-1.69174
0.235943
-0.0947271
0.414006
-0.129942
-1.27969
0.0525254
-1.69042
0.220073
-0.0867111
0.443806
-0.126328
-1.24726
0.0544978
-1.6878
0.207281
-0.0807307
0.47156
-0.123539
-1.21537
0.0563666
-1.68366
0.197257
-0.0766473
0.496884
-0.121441
-1.18425
0.0581126
-1.67787
0.189739
-0.0742955
0.519433
-0.11992
-1.15417
0.059715
-1.67033
0.184462
-0.0735658
0.538899
-0.118897
-1.12532
0.0611594
-1.66094
0.181251
-0.0742069
0.555004
-0.118287
-1.09802
0.0624202
-1.64973
0.179797
-0.0758736
0.567549
-0.118006
-1.07245
0.0634693
-1.63671
0.179698
-0.0781124
0.575959
-0.117991
-1.04907
0.0642408
-1.62174
0.180479
-0.0811213
0.580839
-0.118235
-1.02753
0.0648109
-1.60509
0.18233
-0.0845269
0.581801
-0.118696
-1.00818
0.0651284
-1.58671
0.184873
-0.088214
0.578769
-0.119364
-0.991071
0.0651831
-1.56658
0.188005
-0.0917045
0.571756
-0.120173
-0.976389
0.0649375
-1.54491
0.191223
-0.0948152
0.560821
-0.121099
-0.964086
0.0643748
-1.5217
0.194342
-0.0971021
0.545582
-0.122095
-0.954461
0.0634155
-1.49688
0.196923
-0.0988217
0.527098
-0.123152
-0.946795
0.0621429
-1.47079
0.199182
-0.0997212
0.505187
-0.12423
-0.941217
0.0604964
-1.44337
0.200866
-0.0996788
0.480044
-0.125282
-0.937602
0.05845
-1.41469
0.201828
-0.0986257
0.451911
-0.126257
-0.93577
0.0559824
-1.38483
0.201962
-0.0965136
0.421034
-0.127093
-0.935527
0.0530721
-1.35384
0.201177
-0.0930828
0.387138
-0.127682
-0.937008
0.0496269
-1.32159
0.199158
-0.0887045
0.351459
-0.127974
-0.93938
0.0457643
-1.28847
0.196176
-0.0833199
0.313847
-0.127866
-0.942669
0.0414357
-1.25437
0.192103
-0.0768978
0.274404
-0.127219
-0.946779
0.0366273
-1.21929
0.18679
-0.0697189
0.233963
-0.125945
-0.951106
0.0314565
-1.18346
0.180382
-0.0617206
0.191927
-0.123874
-0.956072
0.0258625
-1.14669
0.172698
-0.0526979
0.14806
-0.12068
-0.961711
0.0198407
-1.10879
0.163225
-0.0431889
0.10337
-0.116298
-0.967433
0.0136487
-1.07015
0.15232
-0.0333327
0.0576917
-0.110503
-0.97326
0.0074144
-1.03061
0.139841
-0.0236286
0.0116778
-0.103281
-0.978866
0.00143961
-0.990482
0.126113
-0.0142946
-0.0348226
-0.0944707
-0.984391
-0.0040383
-0.949727
0.111058
-0.00587621
-0.0812764
-0.0842573
-0.989635
-0.00866328
-0.908664
0.0951829
0.00110481
-0.126466
-0.0730857
-0.99432
-0.0120683
-0.868223
0.0791978
0.00644764
-0.170376
-0.0613279
-0.998526
-0.014102
-0.828514
0.0635273
0.00994647
-0.211794
-0.0498096
-1.00203
-0.0147266
-0.790546
0.0491119
0.0118857
-0.252804
-0.0383979
-1.00544
-0.0140436
-0.752862
0.0355412
0.0122967
-0.28952
-0.0286521
-1.00801
-0.0124234
-0.718637
0.0245149
0.0116697
-0.325003
-0.0200076
-1.01037
-0.0100919
-0.685449
0.0151034
0.0104159
-0.356869
-0.0132354
-1.0122
-0.00758702
-0.655373
0.0080011
0.00900617
-0.384301
-0.0083784
-1.01351
-0.00533766
-0.629227
0.00307664
0.00766872
-0.408356
-0.00491617
-1.01453
-0.00342669
-0.606184
-0.000340592
0.00656852
-0.428723
-0.00260463
-1.0153
-0.00195625
-0.58658
-0.00257037
0.00577596
-0.445064
-0.00118159
-1.01584
-0.000941561
-0.570772
-0.00391716
0.00521854
-0.458397
-0.00029318
-1.01624
-0.000245091
-0.557841
-0.00474769
0.00486843
-0.468516
0.000214834
-1.01652
0.000186206
-0.547999
-0.00521905
0.00464935
-0.476322
0.000510577
-1.01672
0.000455034
-0.540401
-0.00549329
0.00453377
-0.481722
0.000657755
-1.01686
0.000597581
-0.535137
-0.00563071
0.0044722
-0.485499
0.000732779
-1.01695
0.000673866
-0.531455
-0.00570169
0.00444198
-0.487805
0.000768193
-1.01701
0.000712876
-0.529205
-0.00573593
0.00442868
-0.488997
0.000783045
-1.01704
0.000729805
-0.528042
-0.00575083
0.00442448
-0.489443
0.000787868
-1.01705
0.000735697
-0.527607
-0.0057555
0.00442356
-0.489509
0.000788533
-1.01705
0.000736618
-0.527542
-0.00575644
0.0044238
-0.489512
0.00078854
-1.01705
0.000736513
-0.52754
-0.00575612
0.00442341
-0.489515
0.000788614
-1.01705
0.000736715
-0.527538
-0.00575645
0.00442367
-0.489516
0.000788605
-1.01705
0.000736583
-0.527537
-0.00575611
0.00442333
-0.489516
0.000788627
-1.01705
0.000736732
-0.527536
-0.00575639
0.0044236
-0.489516
0.00078861
-1.01705
0.000736589
-0.527536
-0.00575604
0.00442326
-0.489516
0.000788629
-1.01705
0.000736734
-0.527536
-0.00575632
0.00442352
-0.489516
0.000788611
-1.01705
0.000736591
-0.527536
-0.00575597
0.00442318
-0.489516
0.00078863
-1.01705
0.000736735
-0.527536
-0.00575625
0.00442345
-0.489516
0.000788612
-1.01705
0.000736591
-0.527536
-0.0057559
0.00442311
-0.489516
0.000788631
-1.01705
0.000736736
-0.527536
-0.00575618
0.00442338
-0.489516
0.000788613
-1.01705
0.000736592
-0.527536
-0.00575583
0.00442304
-0.489516
0.000788632
-1.01705
0.000736737
-0.527536
-0.00575611
0.00442331
-0.489516
0.000788614
-1.01705
0.000736593
-0.527536
-0.00575576
0.00442297
-0.489516
0.000788633
-1.01705
0.000736738
-0.527536
-0.00575604
0.00442324
-0.489516
0.000788615
-1.01705
0.000736594
-0.527536
-0.00575569
0.00442289
-0.489516
0.000788634
-1.01705
0.000736738
-0.527536
-0.00575597
0.00442316
-0.489516
0.000788616
-1.01705
0.000736594
-0.527536
-0.00575562
