0.00000431 
0.00000347 
0.00000958 
1.00000000 
0.00000460 
0.00032392 
0.00027128 
0.99999991 
0.00000433 
0.00110133 
0.00095811 
0.99999893 
0.00000298 
0.00263170 
0.00234033 
0.99999380 
-0.00000211 
0.00517419 
0.00467689 
0.99997568 
-0.00001760 
0.00898960 
0.00822771 
0.99992574 
-0.00005385 
0.01440778 
0.01322007 
0.99980880 
-0.00012761 
0.02158520 
0.01997264 
0.99956748 
-0.00026250 
0.03090918 
0.02869850 
0.99911008 
-0.00050298 
0.04246032 
0.03970231 
0.99830887 
-0.00089986 
0.05665340 
0.05315169 
0.99697767 
-0.00153055 
0.07329234 
0.06916601 
0.99490801 
-0.00247542 
0.09247037 
0.08772875 
0.99184009 
0.00383147 
-0.11401503 
-0.10878611 
-0.98749758 
0.00569345 
-0.13779242 
-0.13219311 
-0.98158332 
0.00813428 
-0.16349831 
-0.15767732 
-0.97382750 
0.01124546 
-0.19064300 
-0.18499439 
-0.96400512 
0.01507183 
-0.21907019 
-0.21385225 
-0.95186570 
0.01968087 
-0.24814831 
-0.24396511 
-0.93729190 
0.02510126 
-0.27764794 
-0.27506683 
-0.92011944 
0.03134391 
-0.30725178 
-0.30687994 
-0.90024364 
0.03842918 
-0.33622034 
-0.33907709 
-0.87778460 
0.04628889 
-0.36444589 
-0.37136546 
-0.85271579 
0.05487506 
-0.39164075 
-0.40349739 
-0.82510369 
0.06418116 
-0.41751386 
-0.43530288 
-0.79503104 
0.07415551 
-0.44203516 
-0.46663216 
-0.76246987 
0.08476232 
-0.46505736 
-0.49734591 
-0.72745038 
0.09611190 
-0.48598878 
-0.52732700 
-0.69029243 
0.10774012 
-0.50595044 
-0.55637600 
-0.65027069 
0.12020095 
-0.52338316 
-0.58429016 
-0.60846266 
0.13334780 
-0.54047027 
-0.61057492 
-0.56330144 
0.14580127 
-0.55235451 
-0.63663974 
-0.51801190 
0.15995954 
-0.56532560 
-0.66004302 
-0.46814861 
0.17271626 
-0.57228469 
-0.68323389 
-0.41934565 
0.18679078 
-0.57983502 
-0.70349352 
-0.36605659 
0.19999327 
-0.58243134 
-0.72296697 
-0.31320151 
0.21368298 
-0.58332119 
-0.73999687 
-0.25783831 
0.22709987 
-0.58112475 
-0.75505956 
-0.20150618 
0.24030527 
-0.57605392 
-0.76787854 
-0.14414506 
0.25337198 
-0.56798574 
-0.77831505 
-0.08614247 
0.26590620 
-0.55707622 
-0.78625515 
-0.02761915 
0.27785527 
-0.54334990 
-0.79158111 
0.03109136 
0.28898179 
-0.52659593 
-0.79446448 
0.08951225 
0.29919083 
-0.50712863 
-0.79473656 
0.14730647 
0.30842237 
-0.48499026 
-0.79244487 
0.20418429 
0.31666339 
-0.46028475 
-0.78762138 
0.25983611 
0.32389538 
-0.43318243 
-0.78027632 
0.31402807 
0.32994953 
-0.40390600 
-0.77051310 
0.36647349 
0.33488962 
-0.37251878 
-0.75846495 
0.41690481 
0.33856536 
-0.33934057 
-0.74423732 
0.46511535 
0.34098135 
-0.30457584 
-0.72799121 
0.51087579 
0.34211579 
-0.26845767 
-0.70991484 
0.55399295 
0.34204655 
-0.23123852 
-0.69009186 
0.59439560 
0.34073935 
-0.19317110 
-0.66874271 
0.63195318 
0.33815042 
-0.15449651 
-0.64606101 
0.66662605 
0.33448936 
-0.11544752 
-0.62222885 
0.69829793 
0.32973109 
-0.07631679 
-0.59744032 
0.72699259 
0.32391184 
-0.03730136 
-0.57188179 
0.75275557 
0.31700698 
0.00145058 
-0.54573055 
0.77568205 
0.30924524 
0.03986708 
-0.51910488 
0.79580659 
0.30061529 
0.07773192 
-0.49217820 
0.81323355 
0.29116363 
0.11494577 
-0.46508637 
0.82807359 
0.28088915 
0.15138325 
-0.43797983 
0.84045111 
0.26997885 
0.18698012 
-0.41092279 
0.85046594 
0.25842650 
0.22163501 
-0.38403341 
0.85826104 
0.24628121 
0.25527127 
-0.35740478 
0.86396989 
0.23359424 
0.28782297 
-0.33111661 
0.86772891 
0.22041443 
0.31923378 
-0.30523720 
0.86967668 
0.20678738 
0.34945660 
-0.27982436 
0.86995252 
0.19274606 
0.37845183 
-0.25494637 
0.86869184 
0.17834881 
0.40618584 
-0.23061477 
0.86603787 
-0.16367865 
-0.43259017 
0.20695269 
-0.86211694 
-0.14886129 
-0.45757303 
0.18411902 
-0.85706909 
-0.13403906 
-0.48104543 
0.16227013 
-0.85105654 
-0.11936438 
-0.50293096 
0.14154790 
-0.84426109 
-0.10499531 
-0.52317034 
0.12207702 
-0.83687871 
-0.09109178 
-0.54172113 
0.10396297 
-0.82911532 
-0.07781580 
-0.55855704 
0.08729849 
-0.82118068 
-0.06533068 
-0.57366528 
0.07216482 
-0.81328488 
-0.05380793 
-0.58704407 
0.05861622 
-0.80563522 
-0.04338512 
-0.59870086 
0.04672552 
-0.79843080 
-0.03417760 
-0.60860475 
0.03646826 
-0.79189786 
-0.02624467 
-0.61696691 
0.02780306 
-0.78605982 
-0.01956465 
-0.62380414 
0.02067813 
-0.78106212 
-0.01409754 
-0.62926595 
0.01494091 
-0.77691853 
-0.00974138 
-0.63352472 
0.01042735 
-0.77359085 
-0.00637728 
-0.63674647 
0.00697573 
-0.77101531 
-0.00387953 
-0.63908849 
0.00443136 
-0.76911066 
-0.00211906 
-0.64070007 
0.00264676 
-0.76778377 
-0.00096479 
-0.64172410 
0.00148005 
-0.76693355 
-0.00028452 
-0.64229905 
0.00079299 
-0.76645366 
0.00005474 
-0.64256045 
0.00045004 
-0.76623486 
0.00018547 
-0.64264486 
0.00031792 
-0.76616411 
0.00021271 
-0.64265173 
0.00044901 
-0.76615828 
0.00015073 
-0.64265492 
0.00052095 
-0.76615557 
0.00001356 
-0.64265679 
0.00068333 
-0.76615389 
-0.00026067 
-0.64266002 
0.00100918 
-0.76615078 
-0.00072849 
-0.64264949 
0.00156588 
-0.76615837 
-0.00144976 
-0.64266867 
0.00242507 
-0.76613902 
-0.00247673 
-0.64267385 
0.00364862 
-0.76612720 
-0.00386729 
-0.64267612 
0.00530582 
-0.76610985 
-0.00567748 
-0.64267323 
0.00746337 
-0.76608301 
-0.00796045 
-0.64262753 
0.01018502 
-0.76606968 
-0.01077548 
-0.64263177 
0.01354024 
-0.76597974 
-0.01413538 
-0.64258238 
0.01754475 
-0.76588527 
-0.01805211 
-0.64249901 
0.02221286 
-0.76575174 
-0.02252777 
-0.64237245 
0.02754681 
-0.76556601 
-0.02755554 
-0.64213239 
0.03354267 
-0.76536369 
-0.03315713 
-0.64193851 
0.04021388 
-0.76498261 
-0.03930751 
-0.64160870 
0.04754154 
-0.76454757 
-0.04601438 
-0.64117759 
0.05553223 
-0.76399617 
-0.05326767 
-0.64058434 
0.06418038 
-0.76334471 
-0.06108972 
-0.63994473 
0.07349214 
-0.76245504 
-0.06945206 
-0.63910831 
0.08345254 
-0.76141490 
-0.07835972 
-0.63809240 
0.09406225 
-0.76016454 
-0.08778714 
-0.63677879 
0.10531647 
-0.75875861 
-0.09779434 
-0.63542944 
0.11721006 
-0.75691974 
-0.10830774 
-0.63374152 
0.12972762 
-0.75485884 
-0.11934329 
-0.63177158 
0.14286772 
-0.75246971 
-0.13087329 
-0.62943257 
0.15662142 
-0.74977100 
-0.14294628 
-0.62687992 
0.17097078 
-0.74656341 
-0.15549238 
-0.62390471 
0.18590452 
-0.74297008 
-0.16851761 
-0.62052874 
0.20140887 
-0.73890484 
-0.18195769 
-0.61659162 
0.21748436 
-0.73444314 
-0.19594791 
-0.61244442 
0.23406125 
-0.72919927 
-0.21031760 
-0.60768171 
0.25115702 
-0.72347053 
-0.22509618 
-0.60237993 
0.26874214 
-0.71711072 
-0.24019050 
-0.59636580 
0.28682109 
-0.71020421 
0.25579058 
0.59002500 
-0.30526853 
0.70231959 
0.27164911 
0.58291702 
-0.32412701 
0.69379838 
0.28777922 
0.57513761 
-0.34331049 
0.68449819 
0.30408180 
0.56651247 
-0.36285945 
0.67448565 
0.32076894 
0.55743923 
-0.38254972 
0.66334343 
0.33747719 
0.54751134 
-0.40240876 
0.65146578 
0.35421686 
0.53684898 
-0.42231276 
0.63872962 
0.37079645 
0.52533248 
-0.44223254 
0.62527287 
0.38747290 
0.51337392 
-0.46186957 
0.61072783 
0.40383077 
0.50062531 
-0.48131077 
0.59551234 
0.41990578 
0.48722702 
-0.50042525 
0.57953734 
0.43549520 
0.47309663 
-0.51921806 
0.56297079 
0.45094073 
0.45864913 
-0.53734291 
0.54548696 
0.46577672 
0.44358860 
-0.55497121 
0.52753023 
0.48007848 
0.42807042 
-0.57197645 
0.50904156 
-0.49365171 
-0.41205601 
0.58840301 
-0.49020377 
-0.50690220 
-0.39592319 
0.60388833 
-0.47075882 
-0.51935111 
-0.37945543 
0.61867830 
-0.45113763 
-0.53111023 
-0.36280785 
0.63266212 
-0.43131315 
-0.54201100 
-0.34598205 
0.64592180 
-0.41146753 
-0.55248917 
-0.32929067 
0.65811408 
-0.39141950 
-0.56209351 
-0.31260492 
0.66953456 
-0.37155420 
-0.57096218 
-0.29606742 
0.68009674 
-0.35187312 
-0.57896351 
-0.27968926 
0.68993039 
-0.33252252 
-0.58657209 
-0.26371725 
0.69870470 
-0.31336583 
-0.59336949 
-0.24802663 
0.70679223 
-0.29468660 
-0.59953623 
-0.23268628 
0.71414305 
-0.27642920 
-0.60497285 
-0.21768367 
0.72090784 
-0.25867654 
-0.61013980 
-0.20315264 
0.72680235 
-0.24128151 
-0.61465937 
-0.18901232 
0.73218257 
-0.22444795 
-0.61869284 
-0.17530912 
0.73699709 
-0.20813740 
-0.62221320 
-0.16205210 
0.74133309 
-0.19239309 
-0.62544965 
-0.14928686 
0.74507664 
-0.17716369 
-0.62824414 
-0.13700013 
0.74841304 
-0.16253673 
-0.63068537 
-0.12521092 
0.75133555 
-0.14850283 
-0.63269878 
-0.11391991 
0.75396422 
-0.13510166 
-0.63463077 
-0.10316491 
0.75607773 
-0.12225894 
-0.63620050 
-0.09293041 
0.75795553 
-0.11007392 
-0.63752846 
-0.08322722 
0.75955519 
-0.09852208 
-0.63864391 
-0.07406207 
0.76090287 
-0.08761045 
-0.63948816 
-0.06543824 
0.76209446 
-0.07736122 
-0.64032766 
-0.05736332 
0.76295656 
-0.06772912 
-0.64094653 
-0.04984053 
0.76370760 
-0.05877212 
-0.64143648 
-0.04287013 
0.76431268 
-0.05047293 
-0.64181893 
-0.03645475 
0.76479064 
-0.04283445 
-0.64205345 
-0.03059802 
0.76520890 
-0.03586746 
-0.64232462 
-0.02529473 
0.76544514 
-0.02954661 
-0.64248213 
-0.02055455 
0.76565193 
-0.02390296 
-0.64258824 
-0.01637373 
0.76580290 
-0.01892545 
-0.64265616 
-0.01275302 
0.76590915 
-0.01461501 
-0.64267407 
-0.00969333 
0.76599977 
-0.01097376 
-0.64271366 
-0.00716945 
0.76603149 
-0.00796887 
-0.64272108 
-0.00514373 
0.76606283 
-0.00555840 
-0.64272008 
-0.00356206 
0.76608400 
-0.00367678 
-0.64271521 
-0.00236975 
0.76609819 
-0.00225890 
-0.64270886 
-0.00151123 
0.76610802 
-0.00123856 
-0.64268984 
-0.00093146 
0.76612571 
-0.00055025 
-0.64269619 
-0.00057137 
0.76612092 
-0.00012349 
-0.64269232 
-0.00037837 
0.76612429 
0.00010420 
-0.64268924 
-0.00029491 
0.76612689 
0.00020156 
-0.64267186 
-0.00032497 
0.76614141 
0.00032702 
-0.64253820 
-0.00028882 
0.76625352 
0.00034629 
-0.64216314 
-0.00022610 
0.76656788 
0.00035541 
-0.64141641 
-0.00010748 
0.76719284 
0.00036255 
-0.64016411 
0.00009330 
0.76823809 
0.00037070 
-0.63827057 
0.00040460 
0.76981190 
0.00038159 
-0.63559821 
0.00085960 
0.77201944 
0.00039707 
-0.63200697 
0.00149888 
0.77496114 
0.00041990 
-0.62735377 
0.00237313 
0.77873064 
0.00045441 
-0.62149225 
0.00356454 
0.78341206 
0.00047728 
-0.61429344 
0.00511231 
0.78906092 
0.00054777 
-0.60559662 
0.00711721 
0.79573970 
0.00063671 
-0.59557067 
0.00965243 
0.80324455 
0.00077248 
-0.58412462 
0.01279902 
0.81156246 
0.00099922 
-0.57128268 
0.01663063 
0.82058378 
0.00133504 
-0.55710209 
0.02125099 
0.83017015 
0.00178241 
-0.54164464 
0.02667067 
0.84018088 
0.00241818 
-0.52498380 
0.03297486 
0.85046691 
0.00327025 
-0.50706616 
0.04026256 
0.86095515 
0.00436638 
-0.48824290 
0.04849266 
0.87134029 
0.00578260 
-0.46849747 
0.05771965 
0.88154494 
0.00755505 
-0.44792759 
0.06796790 
0.89142928 
0.00975110 
-0.42663922 
0.07923701 
0.90085898 
0.01239222 
-0.40473589 
0.09149771 
0.90971149 
0.01555714 
-0.38239619 
0.10470202 
0.91784465 
0.01928312 
-0.35945232 
0.11897777 
0.92524586 
0.02363083 
-0.33607623 
0.13427454 
0.93177278 
0.02868090 
-0.31232598 
0.15053953 
0.93733651 
0.03450510 
-0.28830333 
0.16779865 
0.94182296 
0.04116202 
-0.26407057 
0.18601284 
0.94514224 
0.04870424 
0.23970602 
-0.20512848 
-0.94720217 
-0.05719592 
0.21528863 
-0.22508729 
-0.94791189 
-0.06670511 
0.19089941 
-0.24582310 
-0.94718229 
-0.07729252 
0.16662732 
-0.26724867 
-0.94492888 
-0.08901069 
0.14260523 
-0.28924180 
-0.94107426 
-0.10189290 
0.11882086 
-0.31175954 
-0.93553172 
-0.11605168 
0.09543218 
-0.33469850 
-0.92822038 
-0.13144028 
0.07255895 
-0.35788437 
-0.91908496 
-0.14811078 
0.05035830 
-0.38112842 
-0.90808950 
-0.16606813 
0.02897915 
-0.40423541 
-0.89521989 
-0.18529783 
0.00858096 
-0.42702562 
-0.88047429 
-0.20576809 
-0.01069306 
-0.44930102 
-0.86387778 
-0.22744104 
-0.02882943 
-0.47080790 
-0.84550679 
-0.25025399 
-0.04568860 
-0.49137343 
-0.82541312 
-0.27414940 
-0.06117962 
-0.51080986 
-0.80368037 
-0.29904547 
-0.07523001 
-0.52893255 
-0.78041335 
-0.32484735 
-0.08780089 
-0.54554066 
-0.75573212 
-0.35149019 
-0.09885449 
-0.56049840 
-0.72977444 
-0.37881210 
-0.10833853 
-0.57367373 
-0.70269135 
-0.40667688 
-0.11609730 
-0.58493456 
-0.67465531 
-0.43498643 
-0.12242552 
-0.59413992 
-0.64585412 
-0.46355388 
-0.12724777 
-0.60121296 
-0.61644156 
-0.49229137 
-0.13063231 
-0.60604429 
-0.58659811 
-0.52110285 
-0.13256584 
-0.60865652 
-0.55651257 
-0.54977932 
-0.13311732 
-0.60899449 
-0.52638633 
-0.57820664 
-0.13221179 
-0.60701622 
-0.49641799 
-0.60631719 
-0.13021873 
-0.60276413 
-0.46683673 
-0.63386273 
-0.12715149 
-0.59626999 
-0.43773007 
-0.66082296 
-0.12311532 
-0.58759399 
-0.40920668 
-0.68711412 
-0.11823154 
-0.57680452 
-0.38136201 
-0.71265760 
-0.11262078 
-0.56397815 
-0.35427950 
-0.73738135 
-0.10627929 
-0.54912960 
-0.32803419 
-0.76128507 
-0.09953916 
-0.53247566 
-0.30271711 
-0.78417088 
-0.09245185 
-0.51405922 
-0.27834319 
-0.80605263 
-0.08509138 
-0.49396558 
-0.25495301 
-0.82689566 
-0.07764965 
-0.47236630 
-0.23261376 
-0.84659993 
-0.07016207 
-0.44930967 
-0.21122982 
-0.86520522 
-0.06255609 
-0.42475663 
-0.19095467 
-0.88272581 
-0.05508833 
-0.39897370 
-0.17178131 
-0.89904196 
-0.04779336 
-0.37199463 
-0.15371817 
-0.91416985 
-0.04082460 
-0.34402463 
-0.13674282 
-0.92805270 
-0.03421670 
-0.31521197 
-0.12087577 
-0.94066980 
-0.02809429 
-0.28583888 
-0.10608566 
-0.95197305 
-0.02260184 
-0.25648289 
-0.09242514 
-0.96185408 
-0.01774991 
-0.22738410 
-0.07985374 
-0.97036323 
-0.01362847 
-0.19911947 
-0.06832015 
-0.97749581 
-0.01006168 
-0.17137822 
-0.05785008 
-0.98345393 
0.00726633 
0.14553126 
0.04836175 
0.98814422 
0.00498986 
0.12091026 
0.03988986 
0.99184909 
0.00329293 
0.09846878 
0.03236597 
0.99460821 
0.00210540 
0.07865639 
0.02569320 
0.99656841 
0.00127719 
0.06122742 
0.01991668 
0.99792429 
0.00073424 
0.04636380 
0.01504445 
0.99881106 
0.00040506 
0.03417834 
0.01100669 
0.99935506 
0.00020719 
0.02425475 
0.00778302 
0.99967549 
0.00009977 
0.01655418 
0.00524024 
0.99984923 
0.00004287 
0.01064319 
0.00333699 
0.99993779 
0.00001823 
0.00640704 
0.00193490 
0.99997760 
0.00000845 
0.00345649 
0.00099817 
0.99999353 
0.00000535 
0.00160628 
0.00042975 
0.99999862 
0.00000466 
0.00059599 
0.00013401 
0.99999981 
0.00000460 
0.00016360 
0.00002064 
0.99999999 
0.00000460 
0.00004707 
0.00000129 
1.00000000 
0.00000460 
0.00001716 
0.00000021 
1.00000000 
0.00000460 
0.00000602 
-0.00000029 
1.00000000 
0.00000460 
0.00000212 
-0.00000047 
1.00000000 
0.00000460 
0.00000077 
-0.00000053 
1.00000000 
0.00000460 
0.00000029 
-0.00000056 
1.00000000 
0.00000460 
0.00000013 
-0.00000056 
1.00000000 
0.00000460 
0.00000007 
-0.00000057 
1.00000000 
0.00000460 
0.00000005 
-0.00000057 
1.00000000 
0.00000460 
0.00000004 
-0.00000057 
1.00000000 
0.00000460 
0.00000004 
-0.00000057 
1.00000000 
0.00000460 
0.00000004 
-0.00000057 
1.00000000 
0.00000460 
0.00000004 
-0.00000057 
1.00000000 
0.00000460 
0.00000004 
-0.00000057 
1.00000000 
0.00000460 
0.00000004 
-0.00000057 
1.00000000 
0.00000460 
0.00000004 
-0.00000057 
1.00000000 
0.00000460 
0.00000004 
-0.00000057 
1.00000000 
