0.00387565 
0.00028599 
1.15729592 
0.00423957 
0.00028521 
1.15729578 
0.00508200 
0.00028544 
1.15729583 
0.00671643 
0.00028898 
1.15729330 
0.00939980 
0.00030456 
1.15728151 
0.01339023 
0.00035247 
1.15724702 
0.01910192 
0.00046832 
1.15716414 
0.02652526 
0.00070526 
1.15699454 
0.03621851 
0.00115013 
1.15666925 
0.04806262 
0.00193042 
1.15610558 
0.06265927 
0.00322697 
1.15516459 
0.07952136 
0.00524374 
1.15372373 
0.09881627 
0.00823221 
1.15160603 
0.12019330 
0.01244940 
1.14864976 
0.14364206 
0.01818910 
1.14464938 
0.16881315 
0.02568300 
1.13944461 
0.19484544 
0.03510089 
1.13297461 
0.22165358 
0.04662864 
1.12507056 
0.24827123 
0.06030063 
1.11579045 
0.27446440 
0.07619866 
1.10506484 
0.29981391 
0.09432112 
1.09288837 
0.32327120 
0.11441628 
1.07959417 
0.34482925 
0.13636453 
1.06517841 
0.36416552 
0.15996004 
1.04978511 
0.38085058 
0.18496610 
1.03364007 
0.39489236 
0.21124475 
1.01677191 
0.40611865 
0.23858526 
0.99931569 
0.41359395 
0.26647719 
0.98193585 
0.41935103 
0.29543342 
0.96336569 
0.42053277 
0.32408791 
0.94562627 
0.41941093 
0.35377848 
0.92632901 
0.41493383 
0.38174793 
0.90947958 
0.40700640 
0.41103738 
0.89036448 
0.39639761 
0.43721154 
0.87487695 
0.38267212 
0.46436104 
0.85713721 
0.36618620 
0.48833135 
0.84266580 
0.34674371 
0.51163398 
0.82798670 
0.32487640 
0.53247745 
0.81491073 
0.30078527 
0.55111288 
0.80315755 
0.27452945 
0.56715503 
0.79300062 
0.24697218 
0.58063687 
0.78415998 
0.21844524 
0.59123882 
0.77683766 
0.18953433 
0.59873086 
0.77134637 
0.16075280 
0.60330280 
0.76739759 
0.13250564 
0.60496112 
0.76501855 
0.10509320 
0.60384005 
0.76414813 
0.07884543 
0.60010168 
0.76462994 
0.05423816 
0.59399822 
0.76628066 
0.03148336 
0.58564458 
0.76909090 
0.01096174 
0.57547390 
0.77272104 
-0.00714508 
0.56375637 
0.77702834 
-0.02268055 
0.55082956 
0.78183083 
-0.03574508 
0.53701764 
0.78686934 
-0.04625025 
0.52266167 
0.79195703 
-0.05418061 
0.50815605 
0.79683793 
-0.05979192 
0.49363197 
0.80146443 
-0.06320435 
0.47945601 
0.80558811 
-0.06459714 
0.46585743 
0.80908273 
-0.06411432 
0.45309355 
0.81179833 
-0.06209190 
0.44107531 
0.81382106 
-0.05872502 
0.43003380 
0.81499937 
-0.05422059 
0.42004722 
0.81529974 
-0.04875447 
0.41125439 
0.81464427 
-0.04263987 
0.40350231 
0.81313521 
-0.03604802 
0.39687279 
0.81072411 
-0.02916886 
0.39135777 
0.80742243 
-0.02218558 
0.38692457 
0.80325508 
-0.01526871 
0.38352497 
0.79825591 
-0.00857393 
0.38109828 
0.79246631 
-0.00222757 
0.37959126 
0.78593769 
0.00362800 
0.37889608 
0.77871957 
0.00891064 
0.37891757 
0.77092476 
0.01357545 
0.37954361 
0.76269240 
0.01760116 
0.38065862 
0.75416585 
0.02098669 
0.38214728 
0.74549154 
0.02375182 
0.38389850 
0.73681715 
0.02593317 
0.38580885 
0.72828985 
0.02759075 
0.38778701 
0.72005496 
0.02878764 
0.38974807 
0.71225893 
0.02960133 
0.39160434 
0.70503242 
0.03012929 
0.39333081 
0.69850067 
0.03033553 
0.39486950 
0.69274567 
0.03046394 
0.39617616 
0.68782190 
0.03047206 
0.39730619 
0.68369699 
0.03039844 
0.39823537 
0.68035066 
0.03027723 
0.39897589 
0.67771405 
0.03013153 
0.39954695 
0.67570929 
0.02997804 
0.39996989 
0.67425361 
0.02982911 
0.40026698 
0.67326103 
0.02969372 
0.40046094 
0.67264341 
0.02957857 
0.40057449 
0.67231139 
0.02948898 
0.40063060 
0.67217476 
0.02943353 
0.40065206 
0.67214286 
0.02951236 
0.40073448 
0.67208898 
0.02959519 
0.40072835 
0.67209004 
0.02976862 
0.40071688 
0.67209042 
0.03011390 
0.40069447 
0.67209059 
0.03068604 
0.40065612 
0.67209159 
0.03160699 
0.40059550 
0.67209047 
0.03289564 
0.40050605 
0.67209011 
0.03463813 
0.40037863 
0.67208961 
0.03690429 
0.40020166 
0.67208892 
0.03972391 
0.39996130 
0.67209036 
0.04327507 
0.39963522 
0.67208707 
0.04746822 
0.39920662 
0.67208580 
0.05234705 
0.39865173 
0.67208453 
0.05791192 
0.39794477 
0.67208321 
0.06408978 
0.39706296 
0.67208598 
0.07108126 
0.39595491 
0.67208061 
0.07867390 
0.39460334 
0.67207909 
0.08692333 
0.39296317 
0.67207770 
0.09576407 
0.39100124 
0.67207946 
0.10534535 
0.38864351 
0.67207495 
0.11548751 
0.38586948 
0.67207333 
0.12621963 
0.38261932 
0.67207185 
0.13740546 
0.37887144 
0.67207734 
0.14935226 
0.37447321 
0.67206898 
0.16169142 
0.36946260 
0.67206722 
0.17448997 
0.36375041 
0.67206567 
0.18763248 
0.35730771 
0.67206868 
0.20128437 
0.34997832 
0.67206265 
0.21517356 
0.34179584 
0.67206081 
0.22930168 
0.33267178 
0.67205917 
0.24346043 
0.32263771 
0.67206739 
0.25798289 
0.31136712 
0.67205603 
0.27237093 
0.29907560 
0.67205403 
0.28665976 
0.28563039 
0.67205234 
0.30061294 
0.27111820 
0.67206194 
0.31452284 
0.25510792 
0.67204906 
0.32786120 
0.23796790 
0.67204705 
0.34059782 
0.21959784 
0.67204550 
0.35253352 
0.20011058 
0.67205509 
0.36383218 
0.17904533 
0.67204117 
0.37399497 
0.15699170 
0.67203874 
0.38297489 
0.13388663 
0.67203700 
0.39056617 
0.11004039 
0.67204755 
0.39684303 
0.08500976 
0.67203531 
0.40150102 
0.05953304 
0.67203467 
0.40452543 
0.03358356 
0.67203458 
0.40584325 
0.00754660 
0.67204719 
0.40546622 
-0.01904471 
0.67203507 
0.40333968 
-0.04535365 
0.67203508 
0.39949861 
-0.07141211 
0.67203562 
0.39402655 
-0.09683653 
0.67204879 
0.38686839 
-0.12208813 
0.67203738 
0.37823847 
-0.14636899 
0.67203801 
0.36821041 
-0.16974252 
0.67203918 
0.35700023 
-0.19190178 
0.67205253 
0.34449607 
-0.21327789 
0.67204335 
0.33112069 
-0.23323118 
0.67204576 
0.31696188 
-0.25187158 
0.67204874 
0.30229339 
-0.26903294 
0.67206333 
0.28692892 
-0.28512860 
0.67205425 
0.27137252 
-0.29972996 
0.67205672 
0.25562037 
-0.31303719 
0.67205954 
0.23991188 
-0.32499543 
0.67207280 
0.22394142 
-0.33599080 
0.67206519 
0.20820417 
-0.34575222 
0.67206755 
0.19265676 
-0.35444740 
0.67207023 
0.17744291 
-0.36210361 
0.67207762 
0.16241739 
-0.36890480 
0.67207563 
0.14785040 
-0.37480144 
0.67207799 
0.13372997 
-0.37989734 
0.67208056 
0.12021971 
-0.38421678 
0.67209073 
0.10700181 
-0.38795642 
0.67208580 
0.09446527 
-0.39105050 
0.67208806 
0.08252619 
-0.39360346 
0.67209056 
0.07120550 
-0.39567640 
0.67209302 
0.06061941 
-0.39730751 
0.67210127 
0.05049852 
-0.39860904 
0.67209801 
0.04113904 
-0.39957548 
0.67210022 
0.03246081 
-0.40027381 
0.67210261 
0.02446882 
-0.40074954 
0.67210496 
0.01723637 
-0.40103817 
0.67211131 
0.01056629 
-0.40119602 
0.67210971 
0.00466050 
-0.40123953 
0.67211186 
-0.00054316 
-0.40120550 
0.67211414 
-0.00504593 
-0.40112127 
0.67211639 
-0.00882320 
-0.40100978 
0.67212005 
-0.01197733 
-0.40089164 
0.67212085 
-0.01448834 
-0.40077838 
0.67212287 
-0.01644547 
-0.40067877 
0.67212480 
-0.01791836 
-0.40059713 
0.67212656 
-0.01897664 
-0.40053472 
0.67212814 
-0.01967555 
-0.40049076 
0.67213033 
-0.02012882 
-0.40046237 
0.67213082 
-0.02036317 
-0.40044655 
0.67213186 
-0.02046223 
-0.40043918 
0.67213277 
-0.02050724 
-0.40052098 
0.67209309 
-0.02038290 
-0.40050628 
0.67219444 
-0.01998020 
-0.40046912 
0.67246959 
-0.01916818 
-0.40039347 
0.67300874 
-0.01780575 
-0.40026184 
0.67390124 
-0.01574882 
-0.40005293 
0.67523534 
-0.01285193 
-0.39973944 
0.67709739 
-0.00896891 
-0.39928536 
0.67957100 
-0.00395309 
-0.39864287 
0.68273583 
0.00235368 
-0.39770588 
0.68669799 
0.01005855 
-0.39647169 
0.69145011 
0.01934363 
-0.39480998 
0.69701952 
0.02996767 
-0.39262837 
0.70335618 
0.04200252 
-0.38984446 
0.71042052 
0.05537960 
-0.38637954 
0.71808084 
0.07001581 
-0.38209049 
0.72624104 
0.08579861 
-0.37700482 
0.73468927 
0.10261565 
-0.37103393 
0.74331133 
0.12050802 
-0.36409987 
0.75195481 
0.13904871 
-0.35626319 
0.76048741 
0.15823272 
-0.34751382 
0.76875492 
0.17792402 
-0.33789666 
0.77661168 
0.19800686 
-0.32746163 
0.78391097 
0.21836490 
-0.31631760 
0.79054597 
0.23882175 
-0.30455555 
0.79647958 
0.25954133 
-0.29216364 
0.80160408 
0.28033229 
-0.27926147 
0.80590241 
0.30113241 
-0.26600096 
0.80930818 
0.32184772 
-0.25239813 
0.81186571 
0.34243868 
-0.23855894 
0.81352687 
0.36283575 
-0.22461863 
0.81428462 
0.38297559 
-0.21071077 
0.81414859 
0.40279791 
-0.19696978 
0.81314019 
0.42223657 
-0.18353982 
0.81129874 
0.44120212 
-0.17055921 
0.80870480 
0.45971293 
-0.15819429 
0.80538306 
0.47767636 
-0.14649427 
0.80141980 
0.49499926 
-0.13564298 
0.79695335 
0.51157002 
-0.12576569 
0.79215783 
0.52728843 
-0.11695884 
0.78722093 
0.54204676 
-0.10924728 
0.78236137 
0.55576287 
-0.10267740 
0.77778074 
0.56842342 
-0.09737478 
0.77361641 
0.57992248 
-0.09327975 
0.77011189 
0.59019317 
-0.09033947 
0.76746404 
0.59917563 
-0.08847891 
0.76585492 
0.60680775 
-0.08765331 
0.76546796 
0.61303507 
-0.08771744 
0.76641616 
0.61783316 
-0.08845191 
0.76880799 
0.62104372 
-0.08955729 
0.77287330 
0.62284526 
-0.09116100 
0.77840525 
0.62311249 
-0.09300518 
0.78553540 
0.62179229 
-0.09499886 
0.79428217 
0.61888853 
-0.09681063 
0.80455275 
0.61438410 
-0.09830440 
0.81629309 
0.60811640 
-0.09917693 
0.82956495 
0.60037316 
-0.09959591 
0.84393061 
0.59103760 
-0.09939681 
0.85936966 
0.58011670 
-0.09851114 
0.87571720 
0.56763048 
-0.09691292 
0.89279461 
0.55360219 
-0.09459681 
0.91042143 
0.53786141 
-0.09143145 
0.92857051 
0.52081985 
-0.08769045 
0.94676094 
0.50236129 
-0.08336887 
0.96495294 
0.48248198 
-0.07848319 
0.98301144 
0.46149154 
-0.07322885 
1.00064832 
0.43910234 
-0.06758823 
1.01789121 
0.41517643 
-0.06144932 
1.03470376 
0.39014353 
-0.05511503 
1.05075559 
0.36390064 
-0.04862258 
1.06601864 
0.33676267 
-0.04219110 
1.08028612 
0.30867764 
-0.03584432 
1.09350732 
0.27994736 
-0.02978198 
1.10553345 
0.25134148 
-0.02421020 
1.11611930 
0.22296595 
-0.01917257 
1.12530739 
0.19566670 
-0.01483481 
1.13299806 
0.16827655 
-0.01096677 
1.13954416 
0.14336689 
-0.00792961 
1.14460159 
0.11907755 
-0.00538915 
1.14866671 
0.09705866 
-0.00347855 
1.15166612 
0.07795042 
-0.00214229 
1.15375870 
0.06111663 
-0.00120133 
1.15519661 
0.04681118 
-0.00057773 
1.15612427 
0.03529766 
-0.00019783 
1.15667856 
0.02588782 
0.00003540 
1.15700040 
0.01873516 
0.00016428 
1.15716790 
0.01321524 
0.00023512 
1.15724985 
0.00939386 
0.00026635 
1.15728268 
0.00672082 
0.00027939 
1.15729394 
0.00508867 
0.00028397 
1.15729617 
0.00424472 
0.00028522 
1.15729592 
0.00392930 
0.00028544 
1.15729555 
0.00388232 
0.00028545 
1.15729544 
0.00388051 
0.00028545 
1.15729541 
0.00387861 
0.00028546 
1.15729540 
0.00387789 
0.00028546 
1.15729539 
0.00387764 
0.00028546 
1.15729539 
0.00387756 
0.00028546 
1.15729539 
0.00387752 
0.00028546 
1.15729539 
0.00387751 
0.00028546 
1.15729539 
0.00387751 
0.00028546 
1.15729539 
0.00387751 
0.00028546 
1.15729539 
0.00387751 
0.00028546 
1.15729539 
0.00387751 
0.00028546 
1.15729539 
0.00387751 
0.00028546 
1.15729539 
0.00387751 
0.00028546 
1.15729539 
0.00387751 
0.00028546 
1.15729539 
0.00387751 
0.00028546 
1.15729539 
0.00387751 
0.00028546 
1.15729539 
